file	token_code	speaker	word	prodType	v1	v2	consonant	creakType	creakStart	creakEnd	V1start	Cstart	V2start	V2end	v1_max_int	c_min_int	v2_max_int	c_mean_int	c_mean_int_norm	left_point	f0_left_hz	f0_left_db	h2_left_hz	h2_left_db	a1_left_hz	a1_left_db	a2_left_hz	a2_left_db	mid_point	f0_mid_hz	f0_mid_db	h2_mid_hz	h2_mid_db	a1_mid_hz	a1_mid_db	a2_mid_hz	a2_mid_db	right_point	f0_right_hz	f0_right_db	h2_right_hz	h2_right_db	a1_right_hz	a1_right_db	a2_right_hz	a2_right_db
07_M35_M40_free_narr	1	M35	soloman	Free narrative	o	o	l	-	0	0	63.775	63.834	63.896	63.942	77.64	75.17	76.08	76.15	69.78	0.1	203.12	43.65	406.25	48.56	593.75	40.40	1015.62	29.85	0.5	203.12	46.89	420.41	45.69	421.88	45.69	1046.88	32.07	0.9	218.75	46.53	437.50	40.23	656.25	39.93	1062.50	28.15
07_M35_M40_free_narr	2	M35	iwalo	Free narrative	a	o	l	-	0	0	67.275	67.363	67.490	67.525	78.13	73.72	75.10	75.31	70.48	0.1	156.25	47.38	312.50	43.31	328.12	41.24	1078.12	37.68	0.5	156.25	47.80	303.17	44.05	296.88	44.05	1062.50	27.81	0.9	140.62	41.82	281.25	45.76	406.25	40.21	1156.25	17.24
07_M35_M40_free_narr	3	M40	tawsːulo	Free narrative	u	o	l	-	0	0	78.082	78.140	78.219	78.283	79.21	74.31	75.79	76.36	70.72	0.1	156.25	41.71	314.97	44.66	468.75	40.89	1140.62	17.87	0.5	156.25	45.59	305.66	48.08	453.12	45.31	1078.12	19.39	0.9	140.62	41.48	297.54	45.27	437.50	47.75	1000.00	18.22
07_M35_M40_free_narr	4	M40	wolˀondlo	Free narrative	o	o	lˀ	-	0	0	89.062	89.112	89.175	89.242	78.06	73.29	76.51	74.58	68.36	0.1	125.00	31.31	246.11	40.64	359.38	45.82	1000.00	24.94	0.5	125.00	32.36	252.32	43.75	375.00	44.77	1140.62	23.47	0.9	125.00	36.06	261.21	47.63	265.62	47.63	1031.25	25.69
07_M35_M40_free_narr	5	M40	rejdilojd	Free narrative	i	o	l	-	0	0	102.204	102.252	102.336	102.405	77.22	73.21	77.40	76.28	68.42	0.2	125.00	33.12	263.68	47.17	265.62	47.17	1437.50	19.79	0.5	125.00	35.23	265.26	51.57	265.62	51.57	1437.50	20.65	0.9	125.00	33.45	261.02	48.76	265.62	48.76	1296.88	23.70
07_M35_M40_free_narr	6	M40	haǯilawšud	Free narrative	i	a	l	-	0	0	106.739	106.772	106.831	106.887	78.02	77.03	77.69	77.90	69.82	0.1	156.25	46.13	312.50	48.51	296.88	48.51	1656.25	21.24	0.5	156.25	45.64	303.04	50.54	296.88	50.54	1343.75	17.59	0.9	156.25	46.53	313.38	49.91	312.50	49.91	1406.25	25.26
07_M35_M40_free_narr	7	M40	hilˀo	Free narrative	i	o	lˀ	-	0	0	107.156	107.179	107.257	107.329	74.04	71.36	77.20	75.55	68.14	0.1	140.62	42.73	281.25	42.24	296.88	40.45	1640.62	18.86	0.5	140.62	42.87	288.16	49.68	281.25	49.68	1406.25	22.50	0.9	140.62	45.58	302.46	49.46	296.88	49.46	1453.12	26.95
07_M35_M40_free_narr	8	M40	č’alannilo	Free narrative	i	o	l	-	0	0	120.700	120.744	120.815	120.884	76.29	72.63	77.87	74.01	66.62	0.2	140.62	37.34	281.25	43.82	406.25	38.86	1390.62	26.09	0.5	140.62	40.83	282.68	44.35	281.25	44.35	1406.25	22.28	0.9	140.62	41.14	281.25	43.32	421.88	42.84	1421.88	15.57
07_M35_M40_free_narr	9	M40	petizarʲadkalojd	Free narrative	a	o	l	-	0	0	132.287	132.337	132.397	132.436	77.74	73.37	73.37	73.95	70.86	0.1	93.75	24.67	187.50	45.49	484.38	39.15	1281.25	17.92	0.5	93.75	24.57	198.59	43.27	203.12	43.27	1218.75	21.31	0.9	93.75	26.32	187.50	38.38	406.25	43.16	1406.25	10.87
07_M35_M40_free_narr	10	M40	talulˀalo	Free narrative	a	u	l	-	0	0	137.214	137.256	137.316	137.364	78.45	75.99	76.36	77.17	70.98	0.1	125.00	30.44	244.79	39.64	468.75	44.94	1343.75	22.30	0.5	140.62	31.10	259.78	39.57	390.62	48.46	1031.25	25.02	0.9	140.62	36.15	274.21	41.33	406.25	51.52	984.38	22.17
07_M35_M40_free_narr	11	M40	talulˀalo	Free narrative	u	a	lˀ	-	0	0	137.316	137.364	137.467	137.537	76.87	73.74	76.42	74.66	68.08	0.1	140.62	34.60	269.45	43.72	406.25	44.88	953.12	25.47	0.5	140.62	36.66	272.43	43.50	406.25	44.64	953.12	23.46	0.9	140.62	37.82	275.98	44.73	421.88	45.83	1093.75	24.79
07_M35_M40_free_narr	12	M40	talulˀalo	Free narrative	a	o	l	-	0	0	137.467	137.537	137.622	137.659	77.93	72.55	76.72	73.47	66.99	0.1	140.62	34.86	283.06	37.72	562.50	42.27	1140.62	24.37	0.5	140.62	39.14	282.39	42.97	562.50	40.41	1000.00	24.07	0.9	140.62	38.50	285.45	43.29	421.88	41.70	984.38	25.24
07_M35_M40_free_narr	13	M40	hilˀo	Free narrative	i	o	lˀ	creak	138.959	138.981	138.908	138.951	139.005	139.072	77.70	73.18	77.09	75.22	67.76	0.1	125.00	31.31	250.00	41.55	375.00	46.45	1734.38	16.76	0.5	140.62	33.46	270.89	42.29	390.62	43.70	1453.12	19.98	0.9	140.62	33.39	267.03	39.43	406.25	51.66	1312.50	15.25
07_M35_M40_free_narr	14	M40	išːalo	Free narrative	a	o	l	-	0	0	181.409	181.448	181.512	181.544	77.80	75.48	75.36	75.67	70.16	0.1	187.50	34.43	375.00	43.95	531.25	46.95	1093.75	35.31	0.5	203.12	29.14	372.02	48.75	375.00	48.75	1125.00	29.82	0.9	187.50	32.06	375.00	46.79	562.50	44.61	1125.00	26.37
07_M35_M40_free_narr	15	M40	išulo	Free narrative	u	o	l	-	0	0	182.717	182.745	182.819	182.872	79.99	79.32	77.70	79.81	71.98	0.1	187.50	38.04	350.78	53.28	343.75	53.28	1046.88	27.54	0.5	171.88	40.93	357.03	54.16	359.38	54.16	1062.50	31.99	0.9	171.88	39.21	357.23	52.88	359.38	52.88	1062.50	29.45
07_M35_M40_free_narr	16	M40	unsalo	Free narrative	a	o	l	-	0	0	191.101	191.158	191.220	191.265	77.65	73.61	76.32	74.66	68.81	0.1	125.00	8.26	248.40	36.97	500.00	45.76	1156.25	20.77	0.5	125.00	23.94	256.38	36.98	390.62	47.87	1031.25	19.93	0.9	125.00	17.52	250.00	37.09	406.25	44.86	1156.25	22.74
07_M35_M40_free_narr	17	M40	hebrihilˀajd	Free narrative	i	a	lˀ	-	0	0	194.126	194.181	194.306	194.394	76.24	73.16	75.64	75.86	70.46	0.1	140.62	36.15	281.25	45.40	312.50	37.72	1593.75	17.32	0.5	140.62	46.00	294.84	48.11	296.88	48.11	1468.75	22.46	0.9	140.62	43.51	281.25	45.88	421.88	39.29	1578.12	17.91
07_M35_M40_free_narr	18	M40	buχːuradolo	Free narrative	o	o	l	-	0	0	197.448	197.483	197.572	197.706	78.47	73.33	76.99	76.34	69.57	0.1	109.38	31.68	214.56	42.76	328.12	42.90	1015.62	11.64	0.5	109.38	31.79	227.64	46.47	343.75	49.96	1000.00	10.05	0.9	109.38	31.16	218.75	45.00	359.38	46.65	906.25	21.55
07_M35_M40_free_narr	19	M40	woinnolo	Free narrative	o	o	l	-	0	0	198.109	198.167	198.248	198.318	76.18	75.71	75.40	76.40	71.26	0.1	109.38	29.75	220.24	48.31	437.50	39.46	1109.38	15.14	0.5	109.38	30.99	222.42	49.33	437.50	40.92	1109.38	18.99	0.9	109.38	31.79	227.99	48.29	453.12	43.81	1125.00	15.34
07_M35_M40_free_narr	20	M40	žiradolosːulow	Free narrative	o	o	l	-	0	0	198.783	198.842	198.942	198.988	78.36	73.38	75.51	75.23	69.81	0.1	109.38	27.27	216.28	45.32	437.50	42.46	968.75	11.00	0.5	109.38	29.91	221.45	48.36	437.50	42.17	906.25	14.77	0.9	109.38	32.27	226.18	47.36	468.75	41.22	906.25	16.53
07_M35_M40_free_narr	21	M40	žiradolosːulow	Free narrative	u	o	l	-	0	0	199.196	199.227	199.309	199.391	75.87	75.22	74.66	75.80	71.18	0.1	109.38	33.59	211.38	47.85	421.88	39.80	1078.12	16.25	0.5	109.38	30.78	220.09	48.12	437.50	44.06	906.25	15.65	0.9	109.38	29.66	220.38	47.20	437.50	43.07	906.25	13.20
07_M35_M40_free_narr	22	M35	wulˀondid	Free narrative	u	o	lˀ	-	0	0	205.396	205.441	205.515	205.567	70.93	63.69	71.31	66.05	64.31	0.1	125.00	35.69	250.00	38.30	343.75	22.50	890.62	21.97	0.5	140.62	27.49	261.54	34.31	250.00	34.31	875.00	14.17	0.9	140.62	35.49	281.25	37.44	390.62	31.82	1000.00	20.11
07_M35_M40_free_narr	23	M35	zolo	Free narrative	o	o	l	-	0	0	206.496	206.530	206.592	206.645	76.87	74.39	76.81	75.86	69.35	0.1	156.25	43.01	303.19	47.35	296.88	47.35	1062.50	30.12	0.5	156.25	44.29	324.85	45.35	328.12	45.35	984.38	31.56	0.9	171.88	38.80	340.88	49.35	343.75	49.35	1015.62	34.83
07_M35_M40_free_narr	24	M35	wulˀon	Free narrative	u	o	lˀ	-	0	0	209.721	209.764	209.833	209.919	72.71	74.20	75.62	76.56	71.03	0.1	171.88	34.33	343.75	47.47	343.75	47.47	1031.25	28.90	0.5	171.88	35.43	349.41	49.73	359.38	49.73	906.25	26.18	0.9	171.88	33.81	343.75	50.83	375.00	48.59	1046.88	31.32
07_M35_M40_free_narr	25	M35	hudalojd	Free narrative	a	o	l	-	0	0	210.192	210.305	210.370	210.440	78.17	74.14	75.61	74.77	69.24	0.1	140.62	37.45	281.25	44.04	437.50	41.10	1234.38	29.48	0.5	140.62	37.97	272.79	44.68	281.25	44.68	1093.75	30.26	0.9	140.62	39.16	281.25	44.19	421.88	40.76	1093.75	30.58
07_M35_M40_free_narr	26	M35	kodilo	Free narrative	i	o	l	-	0	0	219.024	219.052	219.116	219.181	75.08	71.29	75.80	72.90	67.28	0.2	125.00	38.60	250.00	44.08	281.25	40.71	1812.50	27.30	0.5	109.38	36.28	239.29	42.65	250.00	42.64	1484.38	23.13	0.9	125.00	39.91	250.00	46.77	390.62	41.53	1515.62	26.89
07_M35_M40_free_narr	27	M40	wulˀond	Free narrative	u	o	lˀ	-	0	0	230.294	230.322	230.372	230.469	76.94	75.33	75.30	76.06	70.84	0.1	156.25	46.14	310.00	46.44	312.50	46.44	968.75	25.48	0.5	156.25	43.26	320.41	45.27	312.50	45.27	968.75	25.20	0.9	156.25	45.43	324.34	45.97	328.12	45.97	984.38	31.25
07_M35_M40_free_narr	28	M40	wstrečallilˀo	Free narrative	i	o	lˀ	-	0	0	232.307	232.360	232.444	232.494	76.62	73.53	75.49	74.63	69.54	0.2	109.38	30.67	221.95	49.20	218.75	49.20	1296.88	19.72	0.5	109.38	29.05	212.58	46.62	218.75	46.62	1281.25	17.07	0.9	109.38	28.25	217.88	46.80	203.12	46.80	1265.62	12.04
07_M35_M40_free_narr	29	M40	wulˀon	Free narrative	u	o	lˀ	-	0	0	237.535	237.577	237.642	237.706	78.37	76.41	75.22	77.04	71.46	0.1	109.38	32.94	208.97	50.31	250.00	42.42	734.38	25.07	0.5	109.38	31.20	213.60	50.38	250.00	44.14	750.00	20.14	0.9	109.38	30.94	214.61	49.03	250.00	42.91	734.38	20.84
07_M35_M40_free_narr	30	M35	hilˀa	Free narrative	i	a	lˀ	creak	254.648	254.683	254.607	254.633	254.719	254.777	72.51	59.84	76.03	66.86	60.54	0.1	125.00	40.23	263.70	37.25	265.62	37.25	2078.12	9.19	0.5	125.00	26.83	241.74	28.66	296.88	32.44	1640.62	0.52	0.9	140.62	40.02	281.25	40.90	546.88	35.42	1531.25	25.85
07_M35_M40_free_narr	31	M35	masala	Free narrative	a	a	l	-	0	0	261.949	261.974	262.028	262.109	72.95	71.23	75.16	72.38	66.82	0.1	125.00	39.90	250.00	37.01	515.62	41.45	1031.25	29.79	0.5	125.00	40.52	261.10	39.17	531.25	41.25	1031.25	30.68	0.9	125.00	40.23	250.00	40.80	500.00	39.59	1015.62	34.75
07_M35_M40_free_narr	32	M35	misalˀakːu	Free narrative	a	a	lˀ	-	0	0	264.689	264.739	264.812	264.870	74.54	72.27	74.74	73.93	69.12	0.1	140.62	36.48	281.25	37.14	515.62	39.01	1093.75	27.88	0.5	140.62	34.46	273.49	40.59	406.25	46.25	1109.38	30.78	0.9	140.62	35.12	281.25	41.23	437.50	43.54	1109.38	27.68
07_M35_M40_free_narr	33	M35	šːela	Free narrative	e	a	l	-	0	0	269.031	269.104	269.170	269.272	73.82	72.85	74.09	74.99	70.61	0.1	140.62	40.05	281.25	44.57	406.25	39.95	1437.50	14.71	0.5	140.62	42.23	271.15	44.99	406.25	44.18	1203.12	24.69	0.9	140.62	42.67	281.25	42.35	562.50	44.96	1375.00	22.25
07_M35_M40_free_narr	35	M35	masala	Free narrative	a	a	l	-	0	0	294.357	294.422	294.482	294.581	75.74	73.54	75.03	74.52	69.38	0.1	156.25	42.32	312.50	42.15	609.38	40.77	1062.50	35.47	0.5	156.25	42.05	297.88	41.70	593.75	41.76	1046.88	35.74	0.9	140.62	39.59	281.25	42.88	578.12	45.57	1156.25	32.49
07_M35_M40_free_narr	36	M35	sebgulo	Free narrative	u	o	l	-	0	0	297.671	297.724	297.796	297.843	76.89	78.23	77.77	78.72	71.20	0.1	171.88	35.04	333.89	51.74	328.12	51.74	843.75	30.85	0.5	156.25	37.70	324.70	51.99	328.12	51.99	984.38	31.84	0.9	156.25	37.50	326.67	52.24	328.12	52.24	968.75	31.12
07_M35_M40_free_narr	37	M35	masala	Free narrative	a	a	l	-	0	0	304.896	304.946	304.983	305.053	78.38	75.28	77.12	76.26	69.22	0.1	156.25	31.25	312.50	41.07	640.62	48.56	1171.88	25.30	0.5	171.88	32.69	331.95	38.02	500.00	45.70	1171.88	30.12	0.9	171.88	29.25	343.75	38.59	671.88	43.17	1203.12	32.29
07_M35_M40_free_narr	40	M40	hinulogusːi	Free narrative	u	o	l	-	0	0	334.739	334.790	334.862	334.904	78.36	77.12	76.61	77.82	71.11	0.1	140.62	36.54	281.25	52.18	312.50	46.15	1375.00	32.12	0.5	140.62	36.24	277.52	50.90	281.25	50.90	1234.38	30.96	0.9	140.62	35.81	281.25	49.91	390.62	39.88	1234.38	31.68
07_M35_M40_free_narr	41	M40	bik’osːulˀa	Free narrative	u	a	lˀ	creak	336.098	336.125	336.046	336.076	336.135	336.195	77.91	72.20	75.10	74.68	69.46	0.1	140.62	39.06	281.25	45.65	406.25	45.84	1234.38	24.02	0.5	109.38	29.78	219.02	46.94	250.00	48.50	1156.25	26.46	0.9	93.75	29.31	187.50	39.97	468.75	42.33	1250.00	26.26
07_M35_M40_free_narr	42	M40	silalɬbo	Free narrative	i	a	l	-	0	0	352.359	352.388	352.460	352.527	78.40	71.78	77.38	74.94	67.89	0.1	125.00	31.03	250.00	46.87	375.00	43.35	1671.88	17.46	0.5	125.00	34.24	255.31	45.65	250.00	45.65	1359.38	28.05	0.9	125.00	29.11	250.00	45.12	406.25	47.69	1281.25	24.47
07_M35_M40_free_narr	43	M40	masala	Free narrative	a	a	l	-	0	0	360.803	360.855	360.931	361.018	77.21	75.41	71.35	76.02	75.04	0.1	109.38	33.34	211.17	48.10	515.62	43.40	1046.88	21.34	0.5	109.38	30.67	209.41	47.10	421.88	45.08	1156.25	22.59	0.9	109.38	29.27	218.75	46.91	421.88	42.52	1093.75	21.53
07_M35_M40_free_narr	44	M40	masala	Free narrative	a	a	l	-	0	0	365.334	365.376	365.448	365.491	76.25	76.18	76.84	76.84	69.70	0.1	109.38	39.99	218.75	45.58	453.12	45.42	1109.38	23.67	0.5	109.38	38.45	222.56	46.85	437.50	45.75	1109.38	20.38	0.9	109.38	35.02	218.75	48.92	437.50	47.12	1000.00	26.23
07_M35_M40_free_narr	45	M40	wok’olˀa	Free narrative	o	a	lˀ	creak	366.695	366.724	366.550	366.629	366.731	366.904	78.45	74.23	74.99	76.31	71.08	0.1	171.88	38.80	356.59	49.45	359.38	49.45	1062.50	33.94	0.5	156.25	38.37	321.36	43.68	468.75	45.76	1000.00	28.27	0.9	125.00	31.57	277.09	41.20	421.88	49.66	1015.62	21.32
07_M35_M40_free_narr	46	M40	bik’olˀa	Free narrative	o	a	lˀ	-	0	0	369.806	369.838	369.906	369.957	78.11	74.88	74.82	76.29	71.18	0.1	140.62	37.42	277.36	41.78	421.88	49.78	1171.88	24.97	0.5	140.62	38.40	294.40	45.19	437.50	47.60	1187.50	24.83	0.9	140.62	37.75	283.39	43.45	437.50	43.80	1125.00	25.71
07_M35_M40_free_narr	47	M40	wolˀondil	Free narrative	o	o	lˀ	-	0	0	392.957	392.996	393.091	393.126	77.56	73.34	73.20	74.38	71.41	0.1	125.00	29.26	252.88	46.98	250.00	46.98	1015.62	21.19	0.5	109.38	31.64	234.30	42.76	468.75	43.17	1031.25	28.42	0.9	109.38	33.05	218.75	46.17	343.75	37.41	1046.88	25.47
07_M35_M40_free_narr	48	M40	hegebrihilo	Free narrative	i	o	l	-	0	0	397.789	397.857	397.947	398.093	77.42	74.43	74.19	75.64	71.58	0.1	109.38	35.55	212.92	47.24	250.00	41.81	1203.12	15.67	0.5	109.38	35.33	223.89	48.93	250.00	46.07	1125.00	10.59	0.9	109.38	36.14	225.94	45.47	343.75	44.19	1125.00	19.56
07_M35_M40_free_narr	49	M40	hugalo	Free narrative	a	o	l	-	0	0	398.967	399.038	399.108	399.149	77.97	75.00	74.56	75.73	71.64	0.1	109.38	32.21	218.75	46.27	421.88	42.88	1078.12	27.45	0.5	109.38	29.55	211.01	44.68	421.88	46.59	1062.50	23.87	0.9	109.38	29.14	218.75	44.95	437.50	47.68	1062.50	23.37
07_M35_M40_free_narr	50	M40	wolˀondillo	Free narrative	o	o	lˀ	-	0	0	409.067	409.095	409.159	409.218	77.34	72.94	76.35	74.03	67.21	0.1	93.75	32.18	187.50	38.98	468.75	40.96	1046.88	20.91	0.5	93.75	35.07	184.74	41.81	375.00	45.35	1031.25	22.78	0.9	93.75	34.04	187.50	42.42	390.62	46.69	1031.25	26.54
07_M35_M40_free_narr	51	M35	č’itulˀo	Free narrative	u	o	lˀ	creak	426.744	426.788	426.674	426.724	426.810	426.877	70.53	63.46	67.91	66.64	68.62	0.1	140.62	31.86	285.26	41.47	265.62	41.47	1000.00	13.27	0.5	93.75	23.91	182.24	16.07	265.62	37.51	921.88	11.96	0.9	125.00	31.70	267.00	35.25	390.62	37.21	921.88	10.63
07_M35_M40_free_narr	52	M35	misalˀa	Free narrative	a	a	lˀ	creak	436.636	436.659	436.531	436.621	436.697	436.763	70.93	67.28	66.80	68.95	72.60	0.1	125.00	31.87	250.00	31.14	421.88	37.31	1062.50	28.46	0.5	140.62	32.11	266.46	25.25	406.25	40.59	1078.12	21.79	0.9	125.00	34.22	250.00	34.26	406.25	35.52	1296.88	16.11
07_M35_M40_free_narr	53	M40	ašolawl	Free narrative	o	a	l	-	0	0	442.311	442.340	442.425	442.462	79.56	73.71	77.62	75.13	67.35	0.1	156.25	41.61	297.58	40.13	453.12	44.93	1093.75	31.52	0.5	156.25	42.13	301.28	44.24	296.88	44.24	1109.38	25.71	0.9	156.25	43.79	312.50	43.17	468.75	46.75	1078.12	24.52
07_M35_M40_free_narr	54	M40	worč’unnilˀa	Free narrative	i	a	lˀ	-	0	0	480.256	480.289	480.354	480.420	77.93	74.56	74.94	75.85	70.90	0.1	125.00	32.76	250.00	49.39	281.25	47.39	1515.62	21.15	0.5	125.00	30.21	248.40	50.41	250.00	50.41	1250.00	25.16	0.9	109.38	34.42	218.75	44.82	468.75	41.15	1281.25	25.17
07_M35_M40_free_narr	55	M40	sebgulo	Free narrative	u	o	l	-	0	0	483.818	483.866	483.912	483.945	77.80	75.19	76.51	75.60	69.00	0.1	109.38	33.68	218.75	46.17	437.50	45.54	1437.50	9.69	0.5	109.38	33.55	218.89	47.28	250.00	42.93	1000.00	16.55	0.9	109.38	32.60	218.75	47.48	437.50	40.16	1296.88	8.02
07_M35_M40_free_narr	56	M40	wulˀom	Free narrative	u	o	lˀ	-	0	0	493.042	493.088	493.132	493.186	77.36	76.30	77.18	77.01	69.35	0.1	109.38	38.44	218.75	47.85	328.12	39.42	1000.00	19.22	0.5	109.38	37.67	223.85	50.09	250.00	46.81	1000.00	23.04	0.9	109.38	36.96	218.75	50.28	343.75	40.97	1015.62	23.46
07_M35_M40_free_narr	57	M40	sːorilo	Free narrative	i	o	l	-	0	0	494.031	494.099	494.186	494.243	76.27	73.61	76.78	75.98	69.56	0.1	109.38	34.93	218.75	44.56	343.75	38.04	1515.62	11.64	0.5	109.38	33.80	232.56	47.72	359.38	48.73	1484.38	12.09	0.9	109.38	35.48	218.75	45.17	343.75	45.53	1281.25	12.83
07_M35_M40_free_narr	58	M40	zolo	Free narrative	o	o	l	-	0	0	508.081	508.131	508.204	508.274	77.66	73.85	76.76	75.18	68.16	0.1	187.50	43.28	342.28	38.51	406.25	40.34	937.50	13.76	0.5	109.38	30.18	216.59	47.38	250.00	42.61	984.38	22.27	0.9	109.38	33.58	228.94	47.63	343.75	45.01	1015.62	21.84
07_M35_M40_free_narr	59	M40	čongola	Free narrative	o	a	l	-	0	0	527.778	527.820	527.884	527.993	80.01	74.42	76.04	74.97	69.21	0.1	125.00	28.15	248.49	42.67	500.00	47.72	1000.00	26.44	0.5	125.00	28.13	247.82	42.54	500.00	45.33	1000.00	20.98	0.9	125.00	27.03	259.10	41.27	515.62	47.27	1000.00	25.70
07_M35_M40_free_narr	60	M40	wolˀondlo	Free narrative	o	o	lˀ	-	0	0	576.710	576.779	576.848	576.919	78.08	74.82	74.61	76.32	71.66	0.1	171.88	36.08	343.75	49.58	390.62	41.94	1203.12	25.16	0.5	171.88	37.13	343.44	50.12	343.75	50.12	1031.25	30.16	0.9	171.88	38.48	343.75	46.81	500.00	40.16	1203.12	26.85
07_M35_M40_free_narr	61	M40	hilˀo	Free narrative	i	o	lˀ	-	0	0	590.033	590.208	590.275	590.342	77.88	71.45	76.91	75.18	67.90	0.2	93.75	25.66	201.02	44.81	250.00	39.91	1375.00	4.11	0.5	109.38	30.54	212.24	46.46	328.12	43.60	1265.62	10.35	0.9	109.38	34.52	218.75	49.08	328.12	44.03	1171.88	19.12
07_M35_M40_free_narr	62	M40	hilˀa	Free narrative	i	a	lˀ	-	0	0	593.236	593.277	593.340	593.400	77.32	75.32	74.50	75.62	70.88	0.1	109.38	31.35	218.75	47.31	421.88	42.67	1750.00	9.74	0.5	109.38	31.74	221.78	46.61	328.12	42.73	1531.25	12.74	0.9	109.38	32.91	231.11	46.85	218.75	46.85	1312.50	19.05
07_M35_M40_free_narr	63	M40	hegelˀa	Free narrative	e	a	lˀ	-	0	0	594.054	594.098	594.199	594.279	78.32	71.99	73.48	72.98	69.83	0.2	93.75	26.28	201.43	42.60	203.12	42.60	1296.88	19.80	0.5	93.75	28.60	195.53	39.07	296.88	42.95	1281.25	10.80	0.9	93.75	29.84	193.03	36.72	296.88	43.10	1156.25	17.91
07_M35_M40_free_narr	64	M40	čongola	Free narrative	o	a	l	-	0	0	596.783	596.833	596.892	596.958	79.38	73.95	75.99	74.78	69.22	0.1	125.00	31.41	250.00	42.32	468.75	43.44	1078.12	32.10	0.5	125.00	33.37	236.90	45.32	468.75	45.08	1062.50	32.75	0.9	125.00	33.66	243.34	44.01	484.38	40.53	1078.12	31.82
07_M35_M40_free_narr	65	M40	k’ek’olo	Free narrative	o	o	l	-	0	0	598.915	598.970	599.036	599.093	79.09	74.23	76.89	76.24	68.98	0.1	125.00	31.83	250.00	40.83	375.00	39.61	1078.12	19.76	0.5	125.00	33.78	242.71	44.88	359.38	49.26	1093.75	22.26	0.9	125.00	32.81	250.00	43.20	390.62	47.72	1078.12	22.94
07_M35_M40_free_narr	66	M40	hilˀa	Free narrative	i	a	lˀ	creak	623.982	624.002	623.920	623.977	624.047	624.187	76.83	73.74	73.68	74.26	70.99	0.1	109.38	32.60	218.00	45.23	218.75	45.23	1687.50	5.74	0.5	109.38	33.79	228.21	44.78	234.38	44.78	1343.75	13.27	0.9	109.38	34.64	233.88	44.08	234.38	44.08	1265.62	23.14
07_M35_M40_free_narr	67	M40	wolˀon	Free narrative	o	o	lˀ	-	0	0	645.726	645.848	645.903	645.961	78.98	73.51	75.33	74.67	69.46	0.1	109.38	29.52	216.28	45.50	218.75	45.50	1000.00	22.32	0.5	109.38	31.67	218.96	48.35	218.75	48.35	1093.75	22.78	0.9	109.38	31.92	224.78	48.74	218.75	48.74	1000.00	23.49
