file	token_code	speaker	word	prodType	v1	v2	consonant	creakType	creakStart	creakEnd	V1start	Cstart	V2start	V2end	v1_max_int	c_min_int	v2_max_int	c_mean_int	c_mean_int_norm	left_point	f0_left_hz	f0_left_db	h2_left_hz	h2_left_db	a1_left_hz	a1_left_db	a2_left_hz	a2_left_db	mid_point	f0_mid_hz	f0_mid_db	h2_mid_hz	h2_mid_db	a1_mid_hz	a1_mid_db	a2_mid_hz	a2_mid_db	right_point	f0_right_hz	f0_right_db	h2_right_hz	h2_right_db	a1_right_hz	a1_right_db	a2_right_hz	a2_right_db
09_M69_free_narr	1	M69	balˀib	Free narrative	a	i	lˀ	creak	19.924	19.965	19.811	19.885	19.965	20.066	72.96	67.93	73.88	70.03	65.67	0.1	93.75	16.27	187.50	40.79	500.00	35.59	1312.50	22.62	0.5	78.12	18.06	155.89	22.36	218.75	41.34	1437.50	21.32	0.9	125.00	20.71	249.14	44.18	234.38	44.18	1609.38	16.11
09_M69_free_narr	2	M69	kutakulˀa	Free narrative	u	a	lˀ	creak	23.100	23.133	23.032	23.071	23.133	23.161	75.02	68.18	67.69	69.24	71.48	0.1	109.38	32.49	205.11	30.33	312.50	41.77	937.50	19.45	0.5	109.38	28.15	201.77	39.04	218.75	39.04	890.62	18.61	0.9	93.75	21.76	184.57	22.35	406.25	38.30	937.50	13.84
09_M69_free_narr	3	M69	balˀoɬi	Free narrative	a	o	lˀ	creak	27.762	27.789	27.692	27.753	27.816	27.881	73.56	68.40	72.79	69.17	66.32	0.1	109.38	28.79	218.28	32.56	437.50	37.82	984.38	26.16	0.5	109.38	27.65	205.26	30.39	343.75	39.35	968.75	23.82	0.9	109.38	30.90	217.98	31.97	343.75	38.19	1046.88	21.47
09_M69_free_narr	4	M69	balˀoɬi	Free narrative	a	o	lˀ	creak	32.805	32.852	32.753	32.778	32.852	32.906	72.86	65.56	69.79	66.66	66.91	0.1	109.38	27.76	211.60	36.01	218.75	36.01	984.38	16.36	0.5	109.38	24.59	220.36	30.27	328.12	35.93	1031.25	16.60	0.9	109.38	26.26	208.59	32.39	328.12	36.68	1015.62	17.40
09_M69_free_narr	5	M69	balˀorallo	Free narrative	a	o	lˀ	-	0	0	36.650	36.700	36.741	36.805	75.10	72.37	75.70	73.28	67.87	0.1	125.00	29.68	234.10	34.15	468.75	47.43	828.12	23.67	0.5	125.00	24.92	246.11	35.17	500.00	42.30	1031.25	18.36	0.9	125.00	19.80	243.12	30.00	375.00	42.72	937.50	18.98
09_M69_free_narr	6	M69	kutukulˀa	Free narrative	u	a	lˀ	creak	42.759	42.775	42.654	42.694	42.783	42.941	75.38	65.80	71.51	68.56	67.52	0.1	140.62	33.15	269.07	41.57	281.25	41.57	890.62	17.19	0.5	140.62	27.33	279.72	39.29	281.25	39.29	953.12	14.28	0.9	125.00	14.03	250.00	28.87	500.00	37.79	1093.75	9.48
09_M69_free_narr	7	M69	wolˀinnu	Free narrative	o	i	lˀ	creaky	79.670	79.717	79.615	79.654	79.725	79.779	69.36	57.63	65.45	61.62	66.61	0.1	109.38	19.83	218.75	33.14	437.50	31.06	1140.62	12.23	0.5	78.12	16.91	147.27	18.66	203.12	27.92	1156.25	3.72	0.9	109.38	21.33	218.75	32.56	343.75	28.86	1578.12	8.03
09_M69_free_narr	8	M69	sebgulo	Free narrative	u	o	l	-	0	0	85.526	85.575	85.643	85.685	70.28	67.57	66.01	67.98	72.44	0.1	109.38	31.72	204.78	34.04	312.50	37.87	625.00	15.63	0.5	93.75	28.43	204.63	40.44	203.12	40.44	609.38	10.99	0.9	93.75	29.53	199.83	38.40	203.12	38.40	703.12	9.76
09_M69_free_narr	10	M69	haržulˀa	Free narrative	u	a	lˀ	-	0	0	125.425	125.473	125.552	125.623	77.69	73.20	73.79	76.41	72.86	0.1	125.00	35.33	243.59	43.08	234.38	43.08	1328.12	15.80	0.5	125.00	33.99	254.22	48.13	390.62	49.30	1015.62	17.37	0.9	125.00	29.73	248.27	43.28	375.00	49.64	1015.62	18.76
09_M69_free_narr	11	M69	hinulo	Free narrative	u	o	l	-	0	0	125.858	125.919	125.961	126.003	77.88	73.15	75.75	74.23	68.95	0.1	109.38	29.98	235.85	44.22	234.38	44.22	1093.75	24.28	0.5	109.38	29.92	240.90	46.11	234.38	46.11	1109.38	15.66	0.9	125.00	32.61	238.12	45.14	359.38	46.29	1062.50	20.31
09_M69_free_narr	12	M69	wuč’oradologu	Free narrative	o	o	l	-	0	0	128.700	128.756	128.837	128.905	74.38	66.45	71.87	68.44	66.84	0.1	109.38	32.44	218.75	38.92	421.88	36.12	1062.50	17.47	0.5	109.38	33.19	223.75	33.08	343.75	38.91	1000.00	14.76	0.9	109.38	32.96	227.65	37.07	343.75	38.19	1015.62	10.24
09_M69_free_narr	13	M69	zolo	Free narrative	o	o	l	-	0	0	159.780	159.832	159.916	159.994	77.67	73.13	77.60	75.61	67.93	0.1	125.00	35.82	254.89	43.46	250.00	43.46	1031.25	19.76	0.5	125.00	39.07	260.75	50.12	265.62	50.12	906.25	22.17	0.9	125.00	39.03	266.38	49.31	265.62	49.31	937.50	22.13
09_M69_free_narr	14	M69	mʲarulˀolo	Free narrative	u	o	lˀ	creak	181.992	182.006	181.850	181.904	182.014	182.089	76.90	62.72	76.39	66.99	60.57	0.1	140.62	35.49	277.17	45.55	281.25	45.55	968.75	22.21	0.5	140.62	21.71	278.29	32.10	296.88	32.10	968.75	21.06	0.9	125.00	27.83	270.38	37.08	265.62	37.08	984.38	20.25
09_M69_free_narr	15	M69	mjarulˀolo	Free narrative	o	o	l	-	0	0	182.014	182.089	182.180	182.252	77.21	73.61	76.21	74.43	68.33	0.1	125.00	36.19	253.00	44.34	375.00	44.80	937.50	25.47	0.5	125.00	37.33	259.55	45.67	265.62	45.67	937.50	23.11	0.9	140.62	42.54	281.64	45.52	296.88	45.52	890.62	25.57
09_M69_free_narr	16	M69	wolˀond	Free narrative	o	o	lˀ	-	0	0	194.276	194.322	194.374	194.418	77.47	74.22	76.81	74.97	68.61	0.1	156.25	41.12	325.36	47.48	328.12	47.48	609.38	26.79	0.5	171.88	34.68	339.95	47.88	343.75	47.88	859.38	33.29	0.9	171.88	37.53	357.07	49.68	359.38	49.68	640.62	26.45
09_M69_free_narr	17	M69	q'alilo	Free narrative	a	i	l	-	0	0	198.429	198.496	198.581	198.645	75.28	72.16	76.56	73.08	66.48	0.1	109.38	35.36	218.75	41.69	562.50	38.77	1265.62	25.38	0.5	125.00	34.85	233.36	45.63	234.38	45.63	1406.25	13.78	0.9	125.00	34.99	250.00	45.76	375.00	35.58	1484.38	14.94
09_M69_free_narr	18	M69	q'alilo	Free narrative	i	o	l	-	0	0	198.581	198.645	198.720	198.768	77.64	71.49	73.51	72.97	69.82	0.1	125.00	29.49	250.00	44.33	359.38	43.62	1421.88	21.05	0.5	125.00	33.53	238.85	46.73	234.38	46.73	1296.88	20.53	0.9	125.00	32.66	250.00	41.09	375.00	45.12	1312.50	21.21
09_M69_free_narr	19	M69	q'alidi	Free narrative	a	i	l	-	0	0	200.444	200.536	200.637	200.718	76.75	72.34	77.39	74.61	66.86	0.1	125.00	32.32	250.00	43.34	375.00	48.66	1500.00	23.54	0.5	125.00	34.92	249.17	42.29	375.00	42.82	1453.12	15.36	0.9	140.62	42.95	281.25	48.92	296.88	46.56	1515.62	21.33
09_M69_free_narr	20	M69	balˀib 	Free narrative	a	i	lˀ	-	0	0	222.332	222.430	222.541	222.669	75.42	67.09	74.73	69.95	64.74	0.1	125.00	26.73	250.00	40.38	562.50	37.08	1359.38	30.51	0.5	125.00	20.73	246.01	43.23	250.00	43.23	1484.38	24.77	0.9	109.38	23.65	242.26	42.21	250.00	42.21	1218.75	17.87
09_M69_free_narr	21	M69	zologu	Free narrative	o	o	l	-	0	0	257.173	257.232	257.297	257.343	75.83	72.86	72.64	73.22	70.54	0.1	109.38	36.88	211.84	41.58	359.38	35.71	1031.25	22.20	0.5	109.38	36.75	214.34	45.09	437.50	38.38	1062.50	19.09	0.9	109.38	36.41	211.30	43.20	359.38	38.85	953.12	24.58
09_M69_free_narr	22	M69	kutukulˀa	Free narrative	u	a	lˀ	creaky	300.641	300.681	300.550	300.590	300.690	300.870	76.99	65.92	68.84	70.26	71.86	0.1	125.00	35.12	266.94	47.03	265.62	47.03	937.50	19.66	0.5	140.62	32.15	273.91	41.04	265.62	41.04	984.38	20.79	0.9	109.38	20.74	218.75	31.44	406.25	37.04	1062.50	11.18
09_M69_free_narr	23	M69	primerulˀaɬid	Free narrative	u	a	lˀ	creaky	327.620	327.668	327.536	327.601	327.698	327.765	75.29	65.41	75.72	68.39	62.82	0.1	140.62	31.45	275.20	27.32	406.25	41.51	1000.00	27.75	0.5	140.62	29.02	285.33	40.70	281.25	40.70	1000.00	24.52	0.9	140.62	35.31	268.10	32.17	421.88	35.28	1062.50	23.39
09_M69_free_narr	24	M69	woq’dulo	Free narrative	u	o	l	-	0	0	375.012	375.070	375.131	375.211	78.01	74.40	77.95	75.98	68.15	0.1	156.25	46.23	312.50	48.23	343.75	35.87	890.62	16.48	0.5	140.62	45.44	294.58	46.44	296.88	46.44	875.00	18.44	0.9	140.62	44.44	302.27	46.99	296.88	46.99	875.00	24.68
09_M69_free_narr	25	M69	oloqan	Free narrative	o	o	l	-	0	0	381.538	381.602	381.681	381.716	77.13	74.00	76.93	75.82	69.22	0.1	140.62	41.17	263.47	47.41	265.62	47.41	968.75	25.46	0.5	140.62	41.92	276.03	48.79	281.25	48.79	968.75	26.56	0.9	156.25	41.98	295.70	46.73	453.12	47.22	890.62	22.67
09_M69_free_narr	26	M69	kutakulˀa	Free narrative	u	a	lˀ	creaky	415.833	415.863	415.711	415.765	415.871	416.078	77.50	67.09	71.93	70.05	68.59	0.1	156.25	40.92	300.86	47.08	296.88	47.08	1046.88	24.48	0.5	156.25	31.56	314.91	31.43	468.75	37.77	1031.25	21.30	0.9	140.62	31.85	260.94	37.21	265.62	37.21	1046.88	21.82
09_M69_free_narr	27	M69	heɬulo	Free narrative	u	o	l	-	0	0	437.258	437.322	437.426	437.542	77.71	71.99	75.00	74.25	69.26	0.1	125.00	29.55	241.67	44.15	234.38	44.15	1093.75	16.62	0.5	125.00	31.81	245.78	44.92	250.00	44.92	1109.38	17.29	0.9	125.00	36.22	260.46	46.37	265.62	46.37	1015.62	19.57
