file	token_code	speaker	word	prodType	v1	v2	consonant	creakType	creakStart	creakEnd	V1start	Cstart	V2start	V2end	v1_max_int	c_min_int	v2_max_int	c_mean_int	c_mean_int_norm	left_point	f0_left_hz	f0_left_db	h2_left_hz	h2_left_db	a1_left_hz	a1_left_db	a2_left_hz	a2_left_db	mid_point	f0_mid_hz	f0_mid_db	h2_mid_hz	h2_mid_db	a1_mid_hz	a1_mid_db	a2_mid_hz	a2_mid_db	right_point	f0_right_hz	f0_right_db	h2_right_hz	h2_right_db	a1_right_hz	a1_right_db	a2_right_hz	a2_right_db
21_F45_free_narr	1	F45	iluʟ	Free narrative	i	u	l	-	0	0	9.948	9.998	10.078	10.117	77.52	70.45	75.29	71.96	66.81	0.2	156.25	37.59	311.43	43.02	312.50	43.02	2031.25	19.71	0.5	156.25	38.17	323.64	44.77	328.12	44.77	1781.25	23.67	0.9	171.88	38.77	330.26	44.88	343.75	44.88	1640.62	26.76
21_F45_free_narr	2	F45	iχʷalˀaʁojd	Free narrative	a	a	lˀ	creak	13.412	13.466	13.288	13.398	13.458	13.528	76.90	65.62	74.78	68.08	63.25	0.1	140.62	22.24	281.25	38.17	578.12	41.46	1312.50	31.82	0.5	125.00	20.48	261.70	31.67	390.62	36.91	1312.50	25.64	0.9	125.00	23.53	250.00	32.10	625.00	37.23	1296.88	33.68
21_F45_free_narr	3	F45	iχolˀa	Free narrative	o	a	lˀ	-	0	0	15.895	15.964	16.035	16.193	77.91	69.80	73.43	70.98	67.52	0.1	125.00	24.84	250.00	36.93	546.88	36.07	1218.75	28.17	0.5	109.38	26.28	231.22	35.55	359.38	40.99	1171.88	27.02	0.9	140.62	28.94	281.25	39.52	562.50	35.72	1343.75	30.86
21_F45_free_narr	4	F45	musalawšːur	Free narrative	a	a	l	-	0	0	17.454	17.501	17.570	17.679	77.53	75.90	74.41	76.51	72.23	0.1	140.62	30.13	281.25	42.20	578.12	49.07	1312.50	37.85	0.5	140.62	30.57	291.76	41.83	578.12	49.03	1171.88	38.57	0.9	140.62	30.14	281.25	40.85	593.75	47.13	1312.50	41.14
21_F45_free_narr	5	F45	musalaw	Free narrative	a	a	l	-	0	0	19.610	19.680	19.733	19.820	77.90	73.86	75.11	75.42	70.66	0.1	187.50	32.04	375.00	34.50	593.75	37.33	1312.50	39.83	0.5	187.50	34.20	378.29	37.42	562.50	48.78	1328.12	40.12	0.9	187.50	33.77	375.00	36.24	593.75	46.45	1312.50	41.31
21_F45_free_narr	6	F45	iχolˀa	Free narrative	o	a	lˀ	-	0	0	20.082	20.142	20.189	20.289	78.21	65.41	75.50	67.74	61.80	0.1	171.88	25.86	343.75	35.58	515.62	34.78	1343.75	30.01	0.5	140.62	22.87	291.32	33.93	437.50	33.88	1296.88	30.26	0.9	140.62	22.78	281.25	34.79	578.12	41.60	1250.00	33.07
21_F45_free_narr	7	F45	roq’orallologu	Free narrative	o	o	l	-	0	0	22.529	22.575	22.640	22.694	77.73	69.70	75.37	70.98	65.66	0.1	156.25	31.04	289.68	40.30	281.25	40.30	1328.12	29.61	0.5	156.25	31.61	300.27	43.97	296.88	43.97	1203.12	27.16	0.9	171.88	32.46	322.58	42.25	328.12	42.25	1156.25	31.02
21_F45_free_narr	8	F45	čʷaχːelasːi	Free narrative	e	a	l	-	0	0	25.106	25.146	25.187	25.252	75.15	68.17	73.36	69.92	66.16	0.1	140.62	29.81	281.25	37.05	562.50	35.87	1687.50	22.17	0.5	156.25	31.60	293.38	42.23	296.88	42.23	1609.38	18.51	0.9	156.25	31.40	312.50	42.24	546.88	37.64	1703.12	28.53
21_F45_free_narr	9	F45	kurt’alogu	Free narrative	a	o	l	-	0	0	36.506	36.572	36.611	36.655	77.24	73.50	74.93	74.42	69.50	0.1	171.88	35.90	343.75	43.18	515.62	43.76	1421.88	37.64	0.5	171.88	35.52	354.61	44.37	359.38	44.37	1234.38	35.15	0.9	171.88	36.97	343.75	44.92	531.25	45.76	1234.38	36.64
21_F45_free_narr	10	F45	buʁalo	Free narrative	a	o	l	-	0	0	38.047	38.115	38.180	38.235	76.47	71.45	77.76	72.65	65.06	0.1	187.50	34.67	375.00	39.62	531.25	43.15	1296.88	33.38	0.5	187.50	35.76	364.54	44.32	359.38	44.32	1281.25	30.18	0.9	187.50	37.44	375.00	43.15	578.12	44.33	1312.50	36.37
21_F45_free_narr	11	F45	rulˀondlo	Free narrative	u	o	lˀ	creak	39.061	39.122	38.988	39.047	39.135	39.203	71.94	67.44	73.53	68.00	64.26	0.1	140.62	26.31	288.17	39.59	281.25	39.59	1140.62	26.49	0.5	78.12	20.04	148.40	25.09	359.38	40.05	1171.88	23.19	0.9	140.62	29.24	270.51	33.95	531.25	38.14	1250.00	32.37
21_F45_free_narr	12	F45	iʟulojd	Free narrative	u	o	l	-	0	0	40.451	40.480	40.546	40.602	70.99	69.86	71.14	71.77	70.40	0.1	156.25	31.08	312.50	42.75	328.12	39.14	1359.38	31.67	0.5	156.25	31.50	304.35	45.76	296.88	45.76	1375.00	29.10	0.9	156.25	34.33	312.50	43.23	375.00	36.71	1421.88	32.59
21_F45_free_narr	13	F45	bilolˀakːu	Free narrative	i	o	l	-	0	0	50.449	50.516	50.573	50.653	79.32	72.51	78.00	74.33	66.12	0.1	171.88	36.05	354.34	47.70	359.38	47.70	2312.50	18.71	0.5	171.88	37.35	351.02	46.01	359.38	46.01	1750.00	23.65	0.9	187.50	39.64	375.00	48.18	406.25	42.50	1609.38	36.02
21_F45_free_narr	14	F45	bilolˀakːu	Free narrative	o	a	lˀ	-	0	0	50.573	50.653	50.707	50.788	78.70	72.80	73.72	75.32	71.71	0.1	187.50	27.92	375.00	37.16	562.50	50.74	1312.50	37.87	0.5	187.50	24.74	368.41	35.25	562.50	48.92	1296.88	35.30	0.9	171.88	25.16	343.75	36.22	703.12	37.47	1437.50	41.59
21_F45_free_narr	15	F45	gallˀalojd	Free narrative	a	o	l	-	0	0	55.810	55.892	55.964	56.032	77.82	72.14	77.10	72.88	65.34	0.1	171.88	36.75	343.75	42.73	500.00	39.83	1171.88	29.72	0.5	171.88	37.83	329.52	44.93	328.12	44.93	1156.25	30.58	0.9	171.88	38.86	343.75	45.36	515.62	40.63	1187.50	31.95
21_F45_free_narr	16	F45	matulˀo	Free narrative	u	o	lˀ	creaky	56.807	56.842	56.743	56.780	56.834	56.897	75.50	68.71	73.43	69.56	65.64	0.1	156.25	32.63	299.74	41.41	296.88	41.41	937.50	23.90	0.5	140.62	25.08	293.00	42.14	296.88	42.14	1031.25	19.98	0.9	156.25	26.92	293.92	39.37	296.88	39.37	984.38	19.86
21_F45_free_narr	17	F45	beqoloɢa	Free narrative	o	o	l	-	0	0	57.268	57.318	57.354	57.417	75.66	72.71	73.66	73.18	69.27	0.1	171.88	36.97	343.75	44.73	500.00	41.97	1171.88	31.26	0.5	171.88	36.81	332.65	43.94	328.12	43.94	1156.25	31.91	0.9	171.88	37.57	343.75	42.77	500.00	44.03	1171.88	30.95
21_F45_free_narr	18	F45	ʁadillˀalo	Free narrative	a	o	l	-	0	0	71.269	71.362	71.418	71.476	76.46	72.04	76.73	73.55	66.89	0.1	171.88	34.23	343.75	42.85	515.62	42.33	1250.00	37.75	0.5	171.88	34.29	351.64	44.61	343.75	44.61	1234.38	36.63	0.9	171.88	35.69	343.75	45.21	546.88	42.51	1250.00	39.95
21_F45_free_narr	19	F45	beqoloɢasːi	Free narrative	o	o	l	-	0	0	75.408	75.469	75.519	75.567	78.32	73.15	75.30	74.90	70.04	0.1	171.88	31.48	343.75	42.49	531.25	42.90	1250.00	36.84	0.5	171.88	33.80	359.41	46.30	546.88	42.34	1250.00	36.43	0.9	171.88	36.05	343.75	46.08	546.88	48.16	1250.00	40.28
21_F45_free_narr	20	F45	hoɢollˀolojd	Free narrative	o	o	l	-	0	0	77.376	77.436	77.505	77.634	76.35	73.59	75.99	74.09	68.12	0.1	171.88	37.53	343.75	46.09	390.62	34.93	1203.12	34.34	0.5	171.88	36.24	347.60	46.51	343.75	46.51	1218.75	32.44	0.9	187.50	38.32	375.00	46.72	421.88	33.05	1281.25	31.72
21_F45_free_narr	21	F45	χajrulˀaʁojd	Free narrative	u	a	lˀ	-	0	0	82.811	82.893	83.009	83.088	72.68	69.84	74.06	70.30	65.89	0.1	140.62	28.87	281.25	41.71	406.25	39.13	1109.38	30.81	0.5	140.62	29.79	273.57	41.77	406.25	39.18	1093.75	26.09	0.9	140.62	29.55	281.25	42.21	406.25	31.75	1250.00	27.07
21_F45_free_narr	22	F45	wulˀond	Free narrative	u	o	lˀ	creak	84.762	84.828	84.716	84.762	84.820	84.897	72.21	69.30	73.97	70.51	66.38	0.1	156.25	30.31	316.76	41.17	296.88	41.17	1078.12	24.19	0.5	140.62	19.84	288.66	42.47	296.88	42.47	1156.25	28.38	0.9	125.00	26.14	248.37	36.12	375.00	43.08	1203.12	29.56
21_F45_free_narr	23	F45	žibgulo	Free narrative	u	o	l	-	0	0	85.814	85.835	85.887	85.924	76.37	74.37	76.65	74.73	68.14	0.1	156.25	35.89	316.05	46.97	312.50	46.97	1125.00	30.74	0.5	156.25	34.75	313.02	48.73	312.50	48.73	1250.00	32.82	0.9	156.25	33.71	307.37	45.24	312.50	45.24	1234.38	37.10
