file	token_code	speaker	word	prodType	v1	v2	consonant	creakType	creakStart	creakEnd	V1start	Cstart	V2start	V2end	v1_max_int	c_min_int	v2_max_int	c_mean_int	c_mean_int_norm	left_point	f0_left_hz	f0_left_db	h2_left_hz	h2_left_db	a1_left_hz	a1_left_db	a2_left_hz	a2_left_db	mid_point	f0_mid_hz	f0_mid_db	h2_mid_hz	h2_mid_db	a1_mid_hz	a1_mid_db	a2_mid_hz	a2_mid_db	right_point	f0_right_hz	f0_right_db	h2_right_hz	h2_right_db	a1_right_hz	a1_right_db	a2_right_hz	a2_right_db
M52_ind_wrd_carr_phr	1	M52	q'ali	1	a	i	l	-	0	0	1.395	1.515	1.598	1.848	71.91	63.41	69.21	66.02	67.07	0.1	187.50	33.28	375.00	37.67	515.62	39.02	1625.00	25.60	0.5	187.50	34.80	368.07	34.73	359.38	34.73	1671.88	20.11	0.9	187.50	36.76	375.00	34.53	359.38	34.53	1812.50	23.33
M52_ind_wrd_carr_phr	2	M52	q'ali	2	a	i	l	-	0	0	3.115	3.233	3.316	3.566	73.71	62.79	69.30	64.70	64.93	0.1	187.50	33.82	375.00	36.46	375.00	36.46	1546.88	19.40	0.5	187.50	34.75	388.99	33.09	390.62	33.09	1750.00	16.34	0.9	187.50	36.30	375.00	37.79	390.62	37.79	1671.88	19.17
M52_ind_wrd_carr_phr	3	M52	q'ali	3	a	i	l	-	0	0	4.522	4.623	4.699	4.903	71.42	65.40	69.42	66.68	67.33	0.1	171.88	33.89	343.75	36.06	453.12	33.98	1515.62	22.72	0.5	171.88	36.33	350.28	38.26	343.75	38.26	1765.62	15.82	0.9	171.88	37.06	343.75	37.31	359.38	37.31	1734.38	20.66
M52_ind_wrd_carr_phr	4	M52	q'ali	Carrier phrase	a	i	l	-	0	0	6.696	6.771	6.859	6.947	73.68	64.17	70.86	65.99	65.06	0.1	171.88	32.31	343.75	35.06	500.00	35.99	1562.50	22.09	0.5	187.50	34.66	374.36	39.07	375.00	39.07	1500.00	17.40	0.9	187.50	34.30	375.00	31.90	375.00	31.90	1656.25	11.74
M52_ind_wrd_carr_phr	5	M52	lˀala	1	a	a	l	-	0	0	31.245	31.378	31.441	31.699	73.15	67.07	68.95	68.02	69.52	0.1	187.50	32.13	375.00	37.87	531.25	29.87	1156.25	26.32	0.5	187.50	33.09	381.93	39.53	375.00	39.53	1140.62	27.39	0.9	187.50	34.85	375.00	40.73	531.25	26.33	1125.00	29.72
M52_ind_wrd_carr_phr	6	M52	lˀala	2	a	a	l	-	0	0	32.660	32.790	32.867	33.118	71.60	65.94	69.45	66.85	67.74	0.1	203.12	31.11	406.25	36.39	562.50	33.87	1171.88	23.64	0.5	203.12	33.42	391.09	39.27	390.62	39.27	1171.88	24.58	0.9	187.50	34.39	375.00	39.27	406.25	38.53	1156.25	24.68
M52_ind_wrd_carr_phr	7	M52	lˀala	3	a	a	l	-	0	0	34.009	34.119	34.186	34.368	72.53	67.90	68.28	68.53	70.47	0.1	187.50	32.27	375.00	34.66	531.25	40.06	1281.25	31.02	0.5	187.50	33.76	366.84	38.21	359.38	38.21	1281.25	27.75	0.9	171.88	35.16	343.75	37.46	531.25	38.64	1234.38	30.74
M52_ind_wrd_carr_phr	8	M52	lˀala	Carrier phrase	a	a	l	-	0	0	36.174	36.261	36.330	36.444	72.72	65.63	69.21	66.80	67.32	0.1	171.88	31.99	343.75	34.69	500.00	38.51	1203.12	28.83	0.5	171.88	32.70	347.99	36.68	359.38	36.05	1046.88	21.23	0.9	171.88	34.33	343.75	37.37	531.25	33.91	1218.75	21.48
M52_ind_wrd_carr_phr	9	M52	ila	1	i	a	l	-	0	0	40.724	40.854	40.938	41.196	73.92	56.13	68.71	63.38	64.46	0.05	--undefined--	--undefined--	--undefined--	--undefined--	359.38	24.09	2093.75	9.61	0.5	187.50	34.89	365.10	34.58	375.00	34.58	1625.00	17.80	0.9	171.88	35.95	343.75	41.75	546.88	33.79	1421.88	29.27
M52_ind_wrd_carr_phr	10	M52	ila	2	i	a	l	-	0	0	42.165	42.312	42.395	42.675	73.11	62.05	68.48	68.84	70.24	0.2	203.12	35.18	406.25	31.28	390.62	31.28	1703.12	21.87	0.5	187.50	35.96	388.04	44.36	390.62	44.36	1531.25	28.33	0.9	187.50	34.51	375.00	43.77	406.25	41.28	1500.00	29.58
M52_ind_wrd_carr_phr	11	M52	ila	3	i	a	l	-	0	0	43.898	44.019	44.092	44.274	73.13	60.32	68.90	66.32	67.18	0.2	171.88	32.48	343.75	27.29	359.38	27.29	1734.38	11.40	0.5	187.50	34.83	359.81	38.73	359.38	38.73	1593.75	23.22	0.9	171.88	36.47	343.75	43.54	406.25	39.25	1437.50	26.71
M52_ind_wrd_carr_phr	12	M52	ila	Carrier phrase	i	a	l	-	0	0	46.031	46.110	46.186	46.308	70.96	62.59	69.81	67.58	67.56	0.2	156.25	34.12	312.50	26.94	328.12	26.94	1828.12	9.19	0.5	171.88	36.95	345.34	38.59	343.75	38.59	1531.25	23.80	0.9	171.88	37.52	343.75	44.14	390.62	41.52	1406.25	25.57
M52_ind_wrd_carr_phr	13	M52	rolˀal	1	o	a	lˀ	full stop	48.534	48.648	48.416	48.514	48.648	48.786	71.57	45.35	69.49	54.33	54.74	-	-	-	-	-	-	-	-	-	-	-	-	-	-	-	-	-	-	-	-	-	-	-	-	-	-	-
M52_ind_wrd_carr_phr	14	M52	rolˀal	2	o	a	lˀ	creaky	50.153	50.172	50.009	50.079	50.183	50.336	70.98	60.30	68.82	62.89	63.74	0.1	187.50	29.59	375.00	34.83	546.88	36.04	1109.38	28.42	0.5	187.50	24.93	389.36	35.56	390.62	35.56	1156.25	10.28	0.9	187.50	20.18	375.00	25.94	546.88	28.17	1125.00	18.01
M52_ind_wrd_carr_phr	15	M52	rolˀal	3	o	a	lˀ	creaky	51.534	51.555	51.392	51.472	51.571	51.703	71.01	58.10	69.40	62.44	63.45	0.1	171.88	27.25	335.78	32.69	328.12	32.69	1046.88	22.15	0.5	187.50	25.35	363.07	35.91	359.38	35.91	1078.12	11.06	0.9	187.50	25.41	404.69	29.39	390.62	29.39	1171.88	20.35
M52_ind_wrd_carr_phr	16	M52	rolˀal	Carrier phrase	o	a	lˀ	-	0	0	53.618	53.703	53.783	53.889	71.06	55.85	68.91	60.17	61.51	0.1	187.50	28.26	375.00	33.83	546.88	29.30	1109.38	27.93	0.5	187.50	24.63	357.57	27.01	359.38	27.01	1093.75	12.36	0.9	203.12	25.63	406.25	31.72	609.38	31.18	1109.38	21.18
M52_ind_wrd_carr_phr	17	M52	relˀa	1	e	a	lˀ	creaky	58.113	58.165	57.957	58.076	58.157	58.434	71.32	51.70	68.42	55.90	57.61	0.2	187.50	27.35	375.00	23.16	375.00	23.16	1515.62	9.31	0.5	109.38	-4.30	215.41	23.88	421.88	20.09	1359.38	7.07	0.9	109.38	1.84	218.75	24.80	421.88	28.41	1265.62	11.92
M52_ind_wrd_carr_phr	18	M52	relˀa	2	e	a	lˀ	creaky	59.803	59.843	59.612	59.736	59.833	60.092	71.03	59.08	68.77	62.38	63.54	0.2	203.12	29.01	406.25	27.95	390.62	27.95	1546.88	15.33	0.5	187.50	26.18	389.82	36.20	390.62	36.20	1343.75	16.29	0.9	109.38	7.82	218.75	26.76	421.88	30.44	1390.62	18.33
M52_ind_wrd_carr_phr	19	M52	relˀa	3	e	a	lˀ	creaky	61.191	61.223	61.024	61.119	61.213	61.394	71.60	59.21	68.10	62.08	64.16	0.2	187.50	28.67	375.00	32.10	375.00	32.10	1437.50	14.67	0.5	187.50	26.11	370.28	38.16	375.00	38.16	1281.25	14.91	0.9	93.75	6.61	187.50	22.22	531.25	28.77	1359.38	11.94
M52_ind_wrd_carr_phr	20	M52	relˀa	Carrier phrase	e	a	lˀ	full stop + creak	63.686	63.762	63.545	63.633	63.762	63.920	71.07	46.61	69.00	58.28	59.00	-	-	-	-	-	-	-	-	-	-	-	-	-	-	-	-	-	-	-	-	-	-	-	-	-	-	-
M52_ind_wrd_carr_phr	21	M52	belˀora	1	e	o	lˀ	creaky	67.118	67.137	66.962	67.061	67.142	67.266	77.32	56.95	71.29	60.32	59.30	0.2	203.12	29.97	412.25	22.31	390.62	22.31	1515.62	9.58	0.5	203.12	28.59	383.68	26.22	390.62	26.22	1359.38	7.66	0.9	203.12	29.59	431.63	39.40	406.25	39.40	1281.25	21.54
M52_ind_wrd_carr_phr	22	M52	belˀora	2	e	o	lˀ	creaky	68.619	68.659	68.433	68.567	68.640	68.796	78.11	55.14	71.03	58.52	57.95	0.2	187.50	28.26	357.30	21.46	375.00	21.46	1468.75	4.83	0.5	187.50	27.77	368.82	27.13	359.38	27.13	1265.62	10.65	0.9	93.75	6.20	183.85	27.63	375.00	31.25	1125.00	14.64
M52_ind_wrd_carr_phr	23	M52	belˀora	3	e	o	lˀ	-	0	0	69.858	69.961	70.032	70.128	76.25	62.35	71.46	65.66	64.54	0.2	187.50	31.86	364.07	33.62	375.00	33.62	1281.25	16.95	0.5	187.50	29.96	373.39	38.81	375.00	38.81	1296.88	19.76	0.9	187.50	31.42	386.60	41.27	375.00	41.27	1281.25	21.14
M52_ind_wrd_carr_phr	24	M52	belˀora	Carrier phrase	e	o	lˀ	-	0	0	72.079	72.175	72.252	72.328	76.27	62.42	70.93	64.71	64.23	0.2	187.50	30.68	361.77	34.56	359.38	34.56	1453.12	13.27	0.5	187.50	29.64	366.99	37.92	375.00	37.92	1250.00	20.79	0.9	187.50	30.80	371.90	36.64	375.00	36.64	1281.25	24.26
